0 0
1 0
2 1 1 1 1
3 1 2 0 1
4 1 1 2 1
5 1 2 1 1
6 1 -2 0 1
7 2 3 0 1 4 0 1
8 1 1 3 1
9 1 2 2 1
10 1 -2 1 1
11 1 3 0 1
12 1 1 4 1
13 1 2 3 1
14 1 -2 2 1
15 1 3 1 1
16 1 -3 0 1
17 1 3 2 1
18 1 -3 1 1
19 1 4 0 1
20 1 4 1 1
21 1 -4 0 1
22 1 5 0 1
23 2 3 0 2
24 2 3 1 2
25 2 4 0 2
26 2 -2 0 1 3 0 1
27 2 -2 0 1 -3 0 1
28 2 -2 0 1 -2 1 1
29 2 -2 1 2
30 2 -3 0 2
31 1 -4 1 1
32 1 -3 2 1
33 1 -2 3 1
34 2 -3 0 1 4 0 1
35 1 7 0 1
36 2 3 1 1 -2 1 1
37 2 -2 0 1 3 1 1
38 2 3 0 1 3 1 1
39 2 -3 0 1 3 1 1
40 1 5 1 1
41 1 3 3 1
42 1 4 2 1
43 1 2 4 1
44 2 3 1 1 3 2 1
45 2 3 2 1 4 1 1
46 2 3 1 1 4 1 1
47 2 4 1 1 5 1 1
48 2 5 1 2
49 2 4 1 2
50 1 3 4 1
51 1 4 3 1
52 1 5 2 1
53 2 4 0 1 4 1 1
54 2 -3 1 1 4 0 1
55 2 4 2 1 5 0 1
56 2 4 0 1 5 0 1
57 2 3 1 1 5 0 1
58 2 4 1 1 5 0 1
59 1 3 5 1
60 1 1 6 1
61 2 -2 2 2
62 4 -2 1 1 -3 1 3
63 4 -3 0 1 -4 0 3
64 2 3 0 1 6 0 1
65 3 3 0 1 -4 0 2
66 3 3 0 1 4 0 2
67 3 3 0 1 -3 1 2
68 3 3 0 1 5 0 2
69 3 3 0 1 4 1 2
70 2 3 0 1 -3 0 1
71 2 2 1 1 -2 1 1
72 2 -2 1 1 3 0 1
73 1 6 0 1
74 1 6 1 1
75 2 -3 0 1 -2 1 1
76 1 -5 0 1
77 1 -3 3 1
78 1 -2 4 1
79 1 1 5 1
80 2 3 0 1 -4 0 1
81 2 -2 3 1 -2 4 1
82 2 -2 1 1 3 2 1
83 2 3 0 1 -3 1 1
84 2 -3 2 1 -3 3 1
85 1 -5 1 1
86 2 -2 1 1 -2 2 1
87 2 -2 2 1 -2 3 1
88 2 -3 0 1 -3 1 1
89 2 -3 1 1 -3 2 1
90 2 -4 0 1 -5 0 1
91 2 3 0 1 5 0 1
92 2 3 0 1 4 1 1
93 2 4 0 1 -4 0 1
94 2 3 1 1 4 0 1
95 1 -4 2 1
96 2 -3 0 1 4 1 1
97 1 4 4 1
98 1 5 3 1
101 2 1 3 2
102 2 1 2 2
103 2 1 2 1 -2 2 1
104 2 1 1 1 -2 1 1
105 4 -2 0 1 -3 0 3
106 3 1 1 1 -3 1 2
107 2 1 5 2
108 2 1 4 2
109 2 1 4 1 2 4 1
110 2 1 3 1 2 3 1
111 2 1 3 1 3 3 1
112 2 1 2 1 4 2 1
113 2 1 2 1 3 2 1
114 2 1 1 1 4 1 1
115 3 2 0 1 5 0 2
116 3 1 1 1 5 1 2
117 3 2 1 1 5 1 2
118 3 2 0 1 -3 0 2
119 3 2 1 1 -3 1 2
120 2 1 2 1 2 2 1
121 2 1 1 1 2 1 1
122 3 2 0 1 3 0 2
123 3 1 1 1 3 1 2
124 3 2 1 1 3 1 2
125 2 1 2 1 1 3 1
126 2 1 1 1 1 2 1
127 2 1 1 1 -2 0 1
128 2 1 2 1 -2 1 1
129 3 2 0 1 -2 1 2
130 3 1 1 1 -2 2 1 -3 0 1
131 3 2 1 1 -2 2 1 -3 0 1
132 2 1 1 1 3 1 1
133 3 2 0 1 4 0 2
134 3 2 1 1 4 1 2
135 3 1 1 1 4 1 2
136 2 1 3 1 2 2 1
137 2 1 2 1 2 1 1
138 2 1 2 1 2 3 1
139 2 1 2 1 3 1 1
140 2 1 1 1 2 2 1
141 2 1 1 1 3 0 1
142 3 2 1 1 4 0 1 3 2 1
143 3 2 0 1 3 1 2
144 3 1 1 1 4 0 1 3 2 1
145 2 1 4 1 1 3 1
146 2 -2 0 1 2 1 1
147 4 -2 0 1 -2 1 2 -3 0 1
148 3 -2 1 1 -3 0 2
149 4 -2 0 1 3 0 1 -3 0 2
150 3 -2 0 1 -2 1 1 -3 0 1
151 4 -2 0 1 -2 1 2 3 0 1
152 3 2 0 1 -4 0 2
153 3 2 0 1 -3 1 2
154 2 2 1 1 3 1 1
155 2 2 2 1 3 2 1
156 2 2 1 1 2 2 1
157 2 2 2 1 2 3 1
158 2 2 1 1 3 0 1
159 2 2 1 1 3 1 1
160 3 2 0 1 4 1 2
161 3 2 0 1 6 0 2
162 3 -3 0 3
163 1 6 2 1
164 1 7 1 1
165 2 -2 0 1 4 0 1
166 2 -2 0 1 5 1 1
167 2 -2 0 1 6 0 1
168 2 -2 1 1 -4 0 1
169 2 -2 1 1 -4 1 1
170 2 -2 1 1 4 2 1
171 2 -2 1 1 5 1 1
172 2 -2 2 1 2 3 1
173 2 -2 2 1 3 1 1
174 2 -2 2 1 3 2 1
175 2 -2 2 1 3 3 1
176 2 -2 2 1 4 1 1
177 2 -2 2 1 4 2 1
178 2 -2 2 1 5 1 1
179 2 -2 3 1 3 2 1
180 2 -2 3 1 3 3 1
181 2 -2 3 1 4 2 1
182 2 -2 3 2
183 2 -2 4 2
184 2 -3 0 1 -5 0 1
185 2 -3 0 1 5 1 1
186 2 -3 1 1 4 2 1
187 2 -3 1 1 5 0 1
188 2 -3 1 1 5 1 1
189 2 -3 1 2
190 2 -3 2 1 -4 0 1
191 2 -3 2 1 -4 2 1
192 2 -3 2 1 4 0 1
193 2 -3 2 1 4 1 1
194 2 -3 2 1 4 2 1
195 2 -3 2 1 5 0 1
196 2 -3 2 1 5 1 1
197 2 -3 2 2
198 2 -3 3 2
199 2 -4 0 1 4 2 1
200 -1 3 1 2
201 -1 4 0 2
202 -1 5 0 2
203 -1 3 0 2
204 -1 -2 1 2
205 -1 -3 0 2
211 2 -4 0 1 5 0 1
212 2 -4 0 1 5 1 1
213 2 -4 0 1 6 0 1
214 2 -4 1 1 -4 2 1
215 2 -4 1 1 -5 1 1
216 2 -4 1 1 5 1 1
217 2 -4 1 1 6 0 1
218 2 -4 2 2
219 2 -5 0 1 -5 1 1
220 2 -5 0 1 5 1 1
221 2 -5 0 1 6 0 1
222 2 -5 1 2
223 2 1 1 1 -3 1 1
224 2 1 1 1 -3 2 1
225 2 1 1 1 -4 0 1
226 2 1 1 1 4 0 1
227 2 1 2 1 -2 3 1
228 2 1 2 1 -3 1 1
229 2 1 3 1 -2 2 1
230 2 2 1 1 -3 1 1
231 2 2 1 1 -3 2 1
232 2 2 1 1 -4 0 1
233 2 2 1 1 3 2 1
234 2 2 1 1 4 0 1
235 2 2 1 1 5 1 1
236 2 2 2 1 -2 2 1
237 2 2 2 1 -2 3 1
238 2 2 2 1 -3 1 1
239 2 2 2 1 3 1 1
240 2 2 3 1 2 4 1
241 2 3 1 1 -3 2 1
242 2 3 1 1 -3 3 1
243 2 3 1 1 -4 1 1
244 2 3 1 1 -5 0 1
245 2 3 1 1 3 3 1
246 2 3 1 1 4 3 1
247 2 3 1 1 5 2 1
248 2 3 1 1 6 0 1
249 2 3 1 1 6 1 1
250 2 2 1 1 4 1 1
251 2 2 2 1 4 2 1
252 2 2 3 1 3 3 1
253 2 2 3 2
254 2 2 4 2
255 2 3 0 1 -4 1 1
256 2 3 1 1 5 1 1
257 2 3 1 1 -3 1 1
258 2 3 1 1 -4 0 1
259 3 3 1 1 -4 0 1 -4 1 1
260 2 3 2 1 4 0 1
261 2 3 2 1 4 2 1
262 2 3 2 1 -3 2 1
263 2 3 3 1 4 1 1
264 2 4 0 1 6 0 1
265 2 4 0 1 -5 0 1
266 2 4 1 1 -4 1 1
267 2 4 2 2
268 2 5 0 1 6 0 1
269 2 5 0 1 -5 0 1
270 2 5 0 2
271 2 -2 0 1 4 1 1
272 2 -2 0 1 5 0 1
273 2 -2 1 1 4 1 1
274 2 -2 1 1 -3 1 1
275 3 -2 2 1 -3 1 1 -3 2 1
276 2 -2 2 1 -3 2 1
277 3 -3 0 1 4 0 1 5 0 1
278 2 -3 0 1 5 0 1
279 2 -3 0 1 -4 0 1
280 2 -3 1 1 3 2 1
281 3 -3 1 1 -4 0 1 -4 1 1
282 2 -3 1 1 -4 1 1
283 2 -4 0 1 4 1 1
284 2 -4 0 1 -4 1 1
285 2 -4 1 1 5 0 1
286 2 -4 1 1 -5 0 1
287 2 -2 0 1 -4 0 1
288 2 1 1 1 4 2 1
289 2 1 2 1 3 3 1
290 2 1 3 1 2 4 1
291 2 1 4 1 1 5 1
292 2 2 1 1 4 2 1
293 2 2 2 1 3 3 1
294 2 2 3 1 1 4 1
295 2 3 0 1 5 1 1
296 2 3 1 1 4 2 1
297 2 3 2 1 1 3 1
298 2 3 2 1 2 3 1
299 2 3 2 1 3 3 1
301 2 4 0 1 -2 1 1
302 2 4 1 1 1 2 1
303 2 4 1 1 2 2 1
304 2 5 0 1 1 1 1
305 2 5 0 1 2 1 1
306 2 6 0 1 4 1 1
307 -1 5 1 2
308 3 3 0 1 4 0 1 4 1 1
309 3 3 1 1 4 1 1 4 2 1
310 3 3 1 2 4 2 1
311 3 4 0 2 4 1 1
312 3 4 0 2 5 1 1
313 3 6 0 1 4 1 2
314 2 3 2 1 -3 3 1
315 2 3 2 1 -4 1 1
316 2 3 2 1 -4 2 1
317 2 3 2 1 4 3 1
318 2 3 2 1 5 0 1
319 2 3 2 1 5 1 1
320 2 3 2 1 5 2 1
321 2 3 3 1 -3 3 1
322 2 3 3 1 3 4 1
323 2 3 3 1 4 2 1
324 2 3 3 1 5 0 1
325 2 3 4 2
326 2 4 0 1 -4 1 1
327 2 4 0 1 -4 2 1
328 2 4 0 1 -5 1 1
329 2 4 0 1 4 2 1
330 2 4 0 1 5 2 1
331 2 4 0 1 6 1 1
332 2 4 1 1 -4 2 1
333 2 4 1 1 -5 0 1
334 2 4 1 1 -5 1 1
335 2 4 1 1 4 3 1
336 2 4 1 1 5 2 1
337 2 4 1 1 6 1 1
338 2 4 2 1 -4 2 1
339 2 4 2 1 4 3 1
340 2 4 2 1 5 1 1
341 2 4 2 1 5 2 1
342 2 4 2 1 6 0 1
343 2 4 2 1 6 1 1
344 2 4 3 1 5 0 1
345 2 4 3 1 5 1 1
346 2 4 3 1 5 2 1
347 2 4 3 2
348 2 5 0 1 -5 1 1
349 2 5 0 1 5 2 1
351 1 -2 5 1
352 1 -3 4 1
353 1 -4 3 1
354 1 -5 2 1
355 1 -6 0 1
356 1 -6 1 1
357 2 5 0 1 6 1 1
358 2 5 1 1 -5 1 1
359 2 5 1 1 5 2 1
360 2 5 1 1 6 1 1
361 2 5 2 1 6 0 1
362 2 5 2 1 6 1 1
363 2 5 2 2
364 2 6 0 1 6 1 1
365 2 6 1 2
366 3 -2 0 1 -2 1 1 6 0 1
367 3 -2 0 1 4 1 2
368 3 -2 0 1 5 0 2
369 3 -2 1 1 3 1 1 4 1 1
370 3 -2 1 1 3 1 1 5 1 1
371 3 -2 1 1 3 2 2
372 3 -2 1 1 4 0 1 4 1 1
373 3 -2 1 1 4 1 1 4 2 1
374 3 -2 1 1 4 1 1 5 1 1
375 3 -2 1 1 4 1 2
376 3 -2 1 1 5 0 1 5 1 1
377 3 -2 2 1 3 1 1 3 2 1
378 3 -2 2 1 3 1 2
379 3 -2 2 1 3 2 2
380 3 -2 2 1 4 2 2
381 3 -2 3 1 3 2 1 3 3 1
382 3 -2 3 1 3 3 2
383 3 -2 3 1 4 3 2
384 3 -2 3 2 3 3 1
385 3 -3 0 1 -3 1 1 4 0 1
386 3 -3 0 1 -4 1 1 6 0 1
387 3 -3 0 1 3 1 1 4 0 1
388 3 -3 0 1 3 1 1 5 0 1
389 3 -3 0 1 3 1 1 5 1 1
390 3 -3 0 1 4 0 1 4 1 1
391 3 -3 0 1 4 0 1 6 0 1
392 3 -3 0 1 4 0 2
393 3 -3 0 1 4 1 1 5 0 1
394 3 -3 0 1 4 1 2
395 3 -3 0 1 5 0 1 5 1 1
396 3 -3 0 1 5 0 1 6 0 1
397 3 -3 0 1 5 0 2
398 3 -3 0 1 5 1 2
399 3 -3 1 1 -4 0 1 4 1 1
400 3 -3 1 1 -4 0 1 5 0 1
401 1 2 5 1
402 1 2 6 1
403 1 1 7 1
404 3 4 0 3
405 3 3 2 3
406 3 4 1 3
407 3 2 3 3
408 3 3 1 3
409 3 4 2 3
410 3 1 3 1 2 3 2
411 3 1 2 1 2 3 1 3 3 1
412 2 2 2 2
413 2 3 2 2
414 2 3 3 2
415 3 2 1 1 3 2 1 4 2 1
416 2 1 1 1 3 2 1
417 2 4 1 1 4 2 1
418 3 2 2 1 4 2 2
419 3 5 0 3
420 3 5 1 3
421 3 6 0 3
422 3 3 1 1 5 1 2
423 3 2 2 1 4 2 2
424 4 5 0 4
425 4 5 1 4
426 4 6 0 4
427 4 4 1 2 5 1 2
428 4 4 0 2 5 0 2
429 4 3 0 1 4 0 3
430 4 3 1 1 5 1 3
431 5 5 0 1 5 1 4
432 5 1 1 1 4 1 4
433 5 2 1 1 4 1 4
434 6 4 1 3 5 1 3
435 2 6 0 2
436 2 5 0 1 5 1 1
437 2 4 0 1 5 1 1
438 2 -2 1 1 5 0 1
439 2 1 1 1 5 1 1
440 2 5 1 1 6 0 1
441 2 -3 1 1 4 1 1
442 3 -3 1 1 3 2 1 4 1 1
443 3 -3 1 1 3 2 2
444 3 -3 1 1 4 0 1 4 1 1
445 3 -3 1 1 4 0 2
446 3 -3 1 1 4 1 1 5 1 1
447 3 -3 1 1 4 1 2
448 3 -3 1 1 5 0 2
449 3 -3 1 1 5 1 2
450 3 -3 1 1 6 0 2
451 3 -3 1 2 4 1 1
452 3 -3 2 1 -4 0 1 5 0 1
453 3 -3 2 1 -4 1 1 4 2 1
454 3 -3 2 1 -4 1 1 5 1 1
455 3 -3 2 1 -4 2 2
456 3 -3 2 1 4 1 1 4 2 1
457 3 -3 2 1 4 2 2
458 3 -3 2 1 5 1 2
459 3 -3 2 1 5 2 2
460 3 -3 2 2 4 2 1
461 3 -4 0 1 -4 1 1 5 1 1
462 3 -4 0 1 4 1 1 5 0 1
463 3 -4 0 1 4 1 1 5 1 1
464 3 -4 0 1 4 1 1 6 1 1
465 3 -4 0 1 4 1 2
466 3 -4 0 1 5 0 1 5 1 1
467 3 -4 0 1 5 0 2
468 3 -4 0 1 5 1 2
469 3 -4 0 1 6 0 2
470 3 -4 1 1 -5 0 1 6 0 1
471 3 -4 1 1 -5 1 2
472 3 -4 1 1 4 2 1 5 1 1
473 3 -4 1 1 5 0 1 5 1 1
474 3 -4 1 1 5 0 1 6 0 1
475 3 -4 1 1 5 0 2
476 3 -4 1 1 5 1 1 6 0 1
477 3 -4 1 1 5 1 2
478 3 -4 1 1 6 0 2
479 3 -4 1 1 6 1 2
480 3 -4 1 2 5 1 1
481 3 -5 0 1 5 1 1 -5 1 1
482 3 -5 0 1 5 1 1 6 0 1
483 3 -5 0 1 5 1 2
484 3 -5 0 1 6 0 2
485 3 1 1 1 -3 2 1 4 2 1
486 3 1 1 1 -4 0 1 5 0 1
487 3 1 1 1 3 2 2
488 3 1 1 1 4 0 2
489 3 1 1 1 4 1 1 4 2 1
490 3 1 1 1 4 1 1 5 1 1
491 3 1 1 1 4 2 1 5 0 1
492 3 1 1 1 4 2 2
493 3 1 1 1 5 0 2
494 3 1 2 1 -2 3 1 3 3 1
495 3 1 2 1 -3 1 1 4 1 1
496 3 1 2 1 3 1 2
497 3 1 2 1 3 2 1 3 3 1
498 3 1 2 1 3 2 1 4 2 1
499 3 1 2 1 3 2 2
500 3 1 2 1 3 3 2
501 3 1 2 1 4 1 1 4 2 1
502 3 1 2 1 4 1 2
503 3 1 2 1 4 2 2
504 3 1 3 1 1 4 1 2 4 1
505 3 1 3 1 2 2 1 3 3 1
506 3 1 3 1 2 3 1 2 4 1
507 3 1 3 1 2 3 1 3 3 1
508 3 1 3 1 2 4 2
509 3 1 3 1 3 2 1 3 3 1
510 3 1 3 1 3 2 2
511 3 1 3 1 3 3 2
512 3 1 4 1 1 5 2
513 3 1 4 1 2 3 1 2 4 1
514 3 1 4 1 2 3 2
515 3 1 4 1 2 4 2
516 3 1 4 2 1 5 1
517 3 1 4 2 2 4 1
518 3 1 5 3
519 3 2 0 1 -4 1 2
520 3 2 0 1 5 1 2
521 3 2 1 1 -3 2 1 4 2 1
522 3 2 1 1 -4 0 1 5 0 1
523 3 2 1 1 3 2 2
524 3 2 1 1 4 0 2
525 3 2 1 1 4 1 1 4 2 1
526 3 2 1 1 4 1 1 5 1 1
527 3 2 1 1 4 2 1 5 0 1
528 3 2 1 1 4 2 2
529 3 2 1 1 5 0 2
530 3 2 2 1 -2 3 1 3 3 1
531 3 2 2 1 -3 1 1 4 1 1
532 3 2 2 1 2 3 1 3 3 1
533 3 2 2 1 3 2 1 3 3 1
534 3 2 2 1 3 2 1 4 2 1
535 3 2 2 1 3 2 2
536 3 2 2 1 3 3 2
537 3 2 2 1 4 1 1 4 2 1
538 3 2 2 1 4 1 2
539 3 2 3 1 2 4 2
540 3 2 3 1 3 2 1 3 3 1
541 3 2 3 1 3 2 2
542 3 2 3 1 3 3 2
543 3 2 3 2 2 4 1
544 3 2 3 2 3 3 1
545 3 2 4 3
546 3 3 0 1 -3 0 1 -3 1 1
547 3 3 0 1 -3 0 1 4 0 1
548 3 3 0 1 -4 0 1 5 0 1
549 3 3 0 1 -4 1 1 5 1 1
550 3 3 0 1 3 1 1 4 1 1
551 3 3 0 1 3 1 1 5 0 1
552 3 3 0 1 4 0 1 5 0 1
553 3 3 0 1 4 0 1 5 1 1
554 3 3 0 1 4 1 1 -5 1 1
555 3 3 0 1 4 1 1 5 0 1
556 3 3 0 1 4 1 1 5 1 1
557 3 3 0 1 4 1 1 6 0 1
558 3 3 0 1 5 0 1 5 1 1
559 3 3 0 1 5 0 1 6 0 1
560 3 3 0 1 5 1 1 6 0 1
561 3 3 0 1 5 1 2
562 3 3 0 1 5 2 2
563 3 3 1 1 -3 1 1 4 0 1
564 3 3 1 1 -3 2 1 4 2 1
565 3 3 1 1 -3 2 1 5 0 1
566 3 3 1 1 -4 0 1 5 0 1
567 3 3 1 1 -4 0 1 5 1 1
568 3 3 1 1 -4 1 1 5 1 1
569 3 3 1 1 -4 1 1 6 0 1
570 3 3 1 1 3 2 1 4 1 1
571 3 3 1 1 3 2 1 4 2 1
572 3 3 1 1 3 2 2
573 3 3 1 1 4 0 1 4 1 1
574 3 3 1 1 4 0 1 4 2 1
575 3 3 1 1 4 0 1 5 0 1
576 3 3 1 1 4 0 1 5 1 1
577 3 3 1 1 4 0 2
578 3 3 1 1 4 1 1 -4 1 1
579 3 3 1 1 4 1 1 5 0 1
580 3 3 1 1 4 1 1 5 1 1
581 3 3 1 1 4 1 1 6 0 1
582 3 3 1 1 4 1 2
583 3 3 1 1 4 2 1 5 0 1
584 3 3 1 1 4 2 1 5 1 1
585 3 3 1 1 4 2 2
586 3 3 1 1 5 0 1 5 1 1
587 3 3 1 1 5 0 1 6 0 1
588 3 3 1 1 5 0 2
589 3 3 1 1 5 1 1 6 0 1
590 3 3 1 1 6 0 2
591 3 3 1 2 -3 2 1
592 3 3 1 2 -4 0 1
593 3 3 1 2 4 1 1
594 3 3 1 2 5 0 1
595 3 3 1 2 5 1 1
596 3 3 2 1 -3 2 1 4 2 1
597 3 3 2 1 -4 1 1 -4 2 1
598 3 3 2 1 -4 2 2
599 3 3 2 1 3 3 1 4 1 1
600 3 3 2 1 3 3 2
601 3 3 2 1 4 0 1 4 1 1
602 3 3 2 1 4 0 1 5 1 1
603 3 3 2 1 4 1 1 -4 2 1
604 3 3 2 1 4 1 1 4 2 1
605 3 3 2 1 4 1 1 5 0 1
606 3 3 2 1 4 1 1 5 1 1
607 3 3 2 1 4 1 2
608 3 3 2 1 4 2 1 4 3 1
609 3 3 2 1 4 2 2
610 3 3 2 1 5 1 2
611 3 3 2 2 3 3 1
612 3 3 2 2 4 1 1
613 3 3 2 2 4 2 1
614 3 3 3 2 -3 3 1
615 3 3 3 3
616 3 4 0 1 -4 0 1 4 1 1
617 3 4 0 1 -4 0 1 5 0 1
618 3 4 0 1 -4 0 1 5 1 1
619 3 4 0 1 -4 1 1 5 0 1
620 3 4 0 1 -4 1 1 5 1 1
621 3 4 0 1 -4 1 1 6 0 1
622 3 4 0 1 -5 0 1 5 1 1
623 3 4 0 1 -5 0 1 6 0 1
624 3 4 0 1 4 1 1 4 2 1
625 3 4 0 1 4 1 1 5 0 1
626 3 4 0 1 4 1 1 5 1 1
627 3 4 0 1 4 1 1 6 0 1
628 3 4 0 1 4 1 2
629 3 4 0 1 4 2 1 5 1 1
630 3 4 0 1 4 2 1 6 1 1
631 3 4 0 1 4 2 2
632 3 4 0 1 5 0 1 -5 0 1
633 3 4 0 1 5 0 1 5 1 1
634 3 4 0 1 5 0 1 6 0 1
635 3 4 0 1 5 0 1 6 1 1
636 3 4 0 1 5 0 2
637 3 4 0 1 5 1 1 5 2 1
638 3 4 0 1 5 1 1 6 0 1
639 3 4 0 1 5 1 2
640 3 4 0 1 6 0 2
641 3 4 0 2 -4 0 1
642 3 4 0 2 -4 1 1
643 3 4 0 2 5 0 1
644 3 4 0 2 6 0 1
645 3 4 1 1 -4 1 1 5 0 1
646 3 4 1 1 -4 1 1 5 1 1
647 3 4 1 1 -4 1 1 6 0 1
648 3 4 1 1 -4 1 2
649 3 4 1 1 -5 0 1 -5 1 1
650 3 4 1 1 -5 0 1 6 0 1
651 3 4 1 1 -5 1 2
652 3 4 1 1 4 2 1 5 0 1
653 3 4 1 1 4 2 1 5 1 1
654 3 4 1 1 4 2 1 6 0 1
655 3 4 1 1 4 2 1 6 1 1
656 3 4 1 1 4 2 2
657 3 4 1 1 4 3 2
658 3 4 1 1 5 0 1 -5 1 1
659 3 4 1 1 5 0 1 5 1 1
660 3 4 1 1 5 0 1 5 2 1
661 3 4 1 1 5 0 1 6 0 1
662 3 4 1 1 5 0 2
663 3 4 1 1 5 1 1 -5 1 1
664 3 4 1 1 5 1 1 5 2 1
665 3 4 1 1 5 1 1 6 0 1
666 3 4 1 1 5 1 1 6 1 1
667 3 4 1 1 5 1 2
668 3 4 1 1 6 0 2
669 3 4 1 2 -4 1 1
670 3 4 1 2 -5 0 1
671 3 4 1 2 4 2 1
672 3 4 1 2 5 0 1
673 3 4 1 2 5 1 1
674 3 4 2 1 5 0 1 5 1 1
675 3 4 2 1 5 0 1 6 0 1
676 3 4 2 1 5 0 2
677 3 4 2 1 5 1 1 6 1 1
678 3 4 2 1 5 1 2
679 3 4 2 1 5 2 2
680 3 4 2 1 6 0 2
681 3 4 2 2 -4 2 1
682 3 4 2 2 -5 1 1
683 3 5 0 1 -5 0 1 5 1 1
684 3 5 0 1 -5 0 1 6 0 1
685 3 5 0 1 5 1 1 -5 1 1
686 3 5 0 1 5 1 1 -6 0 1
687 3 5 0 1 5 1 1 5 2 1
688 3 5 0 1 5 1 1 6 0 1
689 3 5 0 1 5 1 1 6 1 1
690 3 5 0 1 5 1 2
691 3 5 0 1 5 2 2
692 3 5 0 1 6 0 1 6 1 1
693 3 5 0 1 6 0 2
694 3 5 0 2 -5 0 1
695 3 5 0 2 5 1 1
696 3 5 0 2 6 0 1
697 3 5 0 2 6 1 1
698 3 5 1 1 -5 1 2
699 3 5 1 1 5 2 1 6 0 1
700 3 5 1 1 6 0 1 -6 0 1
701 3 5 1 1 6 0 2
702 3 5 1 2 -5 1 1
703 3 5 1 2 -6 0 1
704 3 5 1 2 5 2 1
705 3 5 1 2 6 0 1
706 3 5 1 2 6 1 1
707 3 5 2 2 6 1 1
708 3 5 2 3
709 3 6 0 2 -6 0 1
710 3 6 1 3
